111.730
56.493
28.003
8.685
15.988
17.647
34.277
111.730
3.332
49.895
12.615
51.960
49.030
95.016
51.657
89.558
21.924
13.835
85.694
97.433
142.051
246.702
125.554
60.299
121.012
62.882
62.745
200.839
156.779
5.906
17.333
66.664
16.277
55.376
84.494
53.614
5.020
298.596
0.071
42.727
17.159
61.956
17.493
114.716
3.614
16.662
112.788
65.058
124.612
22.296
50.736
48.120
113.990
88.128
39.146
50.589
12.603
25.004
23.432
82.197
43.573
15.357
24.986
6.242
1.153
14.312
110.353
102.040
7.950
59.053
372.794
1.881
204.363
21.852
46.337
34.285
8.789
59.517
21.058
232.556
88.138
62.065
1.869
188.997
45.406
11.819
239.661
17.211
83.742
32.441
97.852
55.871
55.085
361.475
94.307
181.489
39.168
66.851
15.747
139.165
140.054
95.404
204.477
182.865
35.414
138.481
63.097
74.202
33.011
60.355
10.615
23.592
82.505
3.524
88.044
63.221
3.210
59.315
60.647
2.574
10.093
5.484
246.843
30.498
139.665
111.323
90.655
134.683
97.245
79.652
3.368
8.573
87.825
174.235
32.958
67.378
133.833
86.437
36.867
112.928
114.658
2.286
22.362
13.778
10.749
131.211
11.228
193.459
52.029
72.304
30.413
488.974
47.996
6.229
15.279
3.863
238.944
49.473
23.052
15.536
30.816
17.509
82.219
153.331
19.184
156.403
4.966
56.924
10.527
19.738
74.350
5.723
23.101
24.545
54.740
95.764
120.718
38.430
74.112
125.571
17.323
73.499
45.816
107.321
31.490
34.529
18.542
47.592
124.640
31.708
55.146
149.602
164.849
96.061
70.963
202.846
21.219
37.548
50.698
27.889
44.617
114.745
111.889
64.218
41.660
54.017
19.269
12.550
12.273
12.007
53.278
16.150
49.498
15.787
146.925
6.664
12.782
373.766
26.121
39.503
17.628
73.195
6.072
20.962
15.840
22.658
70.914
8.317
122.825
95.770
41.461
129.669
3.166
5.828
50.519
17.125
20.395
13.313
18.776
32.320
8.945
90.100
0.947
4.817
10.756
56.993
49.074
186.875
183.334
88.653
18.787
4.478
54.264
546.427
119.908
79.300
47.573
106.292
33.608
22.331
146.475
126.147
93.447
122.566
15.238
42.688
21.795
2.819
36.773
140.758
257.957
113.335
101.837
124.563
40.854
13.404
125.498
41.063
20.327
1.975
90.276
82.428
100.053
242.615
29.870
11.969
139.156
86.924
3.831
102.185
2.804
27.934
9.452
158.858
27.577
24.308
63.178
37.153
40.984
6.265
25.131