2.3822529420399907
14.134457435540059
106.20209310595074
8.5543452305098
1.69276811802121
39.39037299464274
12.405632767661807
74.05066726936315
49.79275985196272
0.6132225106804851
112.65572046216613
9.456293926500715
38.59642318708114
5.692070687300372
87.06009628916918
123.05332409279892
202.35960048363398
44.937987481218535
90.63850561892781
80.99993081199581
4.411794223662403
19.117180541193168
14.828890683468495
18.22547037114235
42.68745532492788
13.155865848950118
154.39928993831856
88.35175990182177
73.08823244150484
26.701252639496072
96.08928766658119
64.57432082818077
140.71350294469295
1.8257589030120391
17.43797424907022
160.21725857464907
35.539454195237504
47.362434367088305
57.75438323624526
15.84732225426172
17.057230463708105
127.64502233002462
13.854927432144757
67.00180539010476
2.7007186332600797
55.252377394202576
51.584132098353635
26.896723025698787
70.83506444340745
185.44405832869617
71.37826540592603
72.41742696550254
57.320233373733444
31.925372039438543
172.08049901595888
28.751566142024522
11.013182259926698
192.26478840333414
57.00747553535305
9.281621909978899
72.9079715586156
71.08292944646736
21.92432908629121
148.09341788407053
167.58383437135544
3.3391021750321106
276.18752973291936
37.24143363555945
80.00050975940509
12.924280061671983
44.65923284901008
115.22584845656922
13.318293468372007
73.2546317583907
20.90369804969345
98.70614251403877
40.79024352350947
14.241652808310562
49.66253335317076
13.919234309324422
55.804372900559585
131.96851384745412
6.912236059924556
61.86652221681376
7.941856386472327
79.60633590574834
85.91649909930426
19.86655136373586
31.558877399980986
35.21385499867933
105.23687854121208
9.744278538033033
23.192709180261826
26.889007595395263
33.31344506808682
18.269783889378896
143.66929399813634
110.56347003953655
2.904984625001126
170.05316587936528
245.35242718195667
17.107766042636065
13.456842145173383
3.381305730950673
236.17527978343804
85.77408858343787
30.77328013363314
506.62992211946164
70.91661029874244
19.696590989708707
81.40763544742909
77.12425801777266
49.103810807655115
107.1848342907472
181.22532180825348
11.504035126666988
62.93055649730061
7.146211371027636
26.583940933928858
54.053980010027786
49.03585107553076
152.70408546429485
70.47786875099368
28.193606115481206
33.545951121335
77.99447937641322
34.303742766142655
521.6054763713518
13.414654158461527
151.47760005510884
198.84688305313614
9.606732156234552
114.35363862947602
244.03118662159358
0.7386797544625014
33.46290877199743
262.9471866187757
6.863483966905158
45.08596416488133
51.95445868425435
21.41119347386536
28.827549405424115
131.91911928825982
9.108059494462527
18.1253197530425
82.51449380118144
28.56867312357042
75.45390969142639
0.5437393810757487
120.11538572951598
74.1848608446161
82.15468584887822
7.6288938317012756
128.28317610453502
185.3919726765465
22.17950198591393
6.0698317679556775
202.7149383083979
54.24248413328126
148.71435937574364
351.6004607254252
200.53370403154145
74.6462503817498
149.4654574975065
187.68943948813344
29.188831619460025
10.759318920865606
183.97843768150202
94.90708719928445
20.375666143205454
24.28889074836932
12.008368027113015
111.78913208989913
30.782556331860718
47.994273858250786
72.26427388625247
11.526557301091515
18.500776920269793
29.017179062006775
31.905427623119774
35.40223748574329
40.08106248134959
48.09166237445865
69.03624333159337
145.37942380026928
71.12002028878082
104.45233047065591
4.059403899639883
37.69419570581478
105.42527661422561
33.58965386408788
29.37355515817787
19.61289940306314
30.52543941172955
106.38218411199989
89.90057330023367
44.42772325015477
18.92267811916413
48.54239221635771
58.82698797459566
13.453575586442069
129.514951387576
17.489889684099865
40.5444297259045
38.39726028645689
130.81428259967657
23.92977896943027
1.3837884571419625
36.072075909057716
7.111951313164575
55.601839408166946
66.69711042320522
15.651344203024326
0.5229578991174365
138.24630293633302
30.981085609590618
177.34943573964884
2.883184106555579
105.54361497799003
90.46022184702046
415.1429488635222
167.68237546636223
89.20291783658341
66.09568553577456
74.65830504211533
128.02801035921723
16.7884225785728
56.80819562900792
69.28702812363036
17.96441922358106
18.8297189084489
21.55737176478941
8.334192801150708
66.2557411339878
6.24364455169706
43.77228470242185
12.966988853351628
131.62549801783857
66.54412589109232
136.442956567135
0.3309151526836662
78.35888951087388
288.44226061905965
77.02223780327537
51.73155492766448
13.862158634632646
1.6482357085664536
63.6116855375402
10.093714354124938
7.640584965032519
1.5297340236098356
46.50258503802051
57.59957996388491
34.65741183328482
26.66955734895637
22.147480859398225
44.82823610588914
167.728519407124
4.782013974792488
43.383106620296644
40.51068157916045
142.9368625810304
131.9913435813822
20.912185142380203
9.251448149861865
61.94790510909115
13.757798293044157
136.967442365493
52.29786933684202
11.440599967228668
314.5565395562293
1.455708887162073
63.29957241205488
47.5216989502193
7.433891151676757
92.81401886550614
82.84840008708741
86.27671314801081
230.8578341207335
40.11268084975174
25.905748977001906
23.356291688539105
162.5078104474143
181.23768450535954
165.94535347680764
53.778756526076165
316.5856266173353
92.40490270084022
36.97068733268715
73.48200987693389
106.80362871728511
8.525925940791389
26.290939943905162
52.73903874861243
1.62951878535047
18.87616978869602
89.45922170431206
118.79713241724181
30.41061434276971
165.51066168565004
